x <- 6
y <- 2*x^2+5*x+10
y

x <- 8
y <- 2*x^2+5*x+10
y

x <- 10
y <- 2*x^2+5*x+10
y
