
a<-10
b<-20
c<-a+b
c

a<-10
b<-20
a+b
a <-"A"
a+b
d<-10; e<-15; f<-20
